Accounting: 30000, 30001, 30116, 30118, 30120, 30121, 30130, 30131, 30830
Behavioral Science: 31403, 31702, 38001, 38002, 38003, 38101, 38102, 38103, 38105, 38110, 38115, 38116, 38118, 38119, 38120, 38121, 38122, 38124, 38125, 38702, 38821, 38825, 38870, 38886, 39002, 39005, 39006
Business Analytics: 41201, 41204, 36106, 36109, 32100, 32105, 32200, 33222, 36108, 36109, 37103, 37105, 37107, 37202, 37304, 37704, 37802, 40108, 40206, 40205, 40721, 41201, 41202, 41203, 41204, 41205, 41301, 42110, 42111
Econometrics Statistics: 41000, 41100, 41201, 41202, 41203, 41204, 41301, 41901, 41902, 41903, 41910, 41911, 41912, 41913, 41914
Economics: 33032, 33040, 33101, 33112, 33113, 33222, 33250, 33251, 33301, 33303, 33305, 33314, 33350, 33401, 33402, 33403, 33454, 33501, 33502, 33503, 33520, 33882, 33883, 38120, 42001, 42116, 42117
Entrepreneurship: 30118, 30121, 31401, 31402, 31403, 34101, 34102, 34103, 34104, 34105, 34106, 34108, 34110, 34111, 34115, 34117, 34205, 34206, 34209, 34302, 34304, 34305, 34306, 34307, 34701, 34702, 34704, 34705, 34706, 34709, 34710, 34715, 34815, 34816, 34820, 34825, 34826, 34888, 35123, 35213, 35823, 36110, 36820, 37108, 37200, 37201, 37301, 37304, 37701, 37703, 39101, 40110, 41301, 42703, 42706, 42707, 42705, 42820, 43225, 53455
Finance Concentration: 34901, 34902, 35000, 35100, 35101, 35120, 35121, 35122, 35125, 35126, 35130, 35131, 35132, 35901, 35904, 35908, 35912, 34101, 34903, 34904, 35200, 35201, 35202, 35210, 35211, 35213, 35214, 35215, 28620, 30130, 30131, 34101, 34901, 34902, 34903, 34904, 35100, 35101, 35105, 35120, 35121, 35122, 35123, 35125, 35126, 35130, 35131, 35132, 35133, 35201, 35202, 35210, 35211, 35212, 35213, 35214, 35215, 35216, 35217, 35219, 35823, 35881, 35901, 35902, 35903, 35904, 35905, 35906, 35907, 35908, 35909, 35910, 35912, 41203
Analytic Finance: 34101, 34901, 34902, 34903, 34904, 35100, 35120, 35121, 35125, 35126, 35130, 35131, 35132, 35133, 35200, 35201, 35202, 35210, 35211, 35213, 35214, 35215, 35219, 35901, 35902, 35903, 35904, 35905, 35906, 35907, 35908, 35909, 35912, 41203
International Business: 30131, 33402, 33501, 33502, 33503, 33520, 33521, 35210, 35213, 35219
Marketing Management: 37000, 37100, 37101, 37103, 37105, 37106, 37107, 37108, 37200, 37201, 37202, 37205, 37208, 37209, 37210, 37301, 37303, 37304, 37701, 37703, 37704, 37882, 37902, 41301
Operations Management: 36106, 36109, 40000, 40101, 40108, 40110, 40111, 40206, 40205, 40721, 40810
Strategic Management: 32200, 33503, 34102, 34103, 34106, 34108, 34110, 34117, 34721, 34725, 34726, 34722, 34816, 37200, 37201, 39001, 39101, 42001, 42108, 42116, 42117, 42119, 42121, 42123, 42124, 42125, 42126, 42127, 42130, 42705, 42708, 42709, 42701, 42710, 42715, 42704, 42714, 42813, 42819, 42820, 42824