Financial Accounting: 30000, 30116, 30117, 30120, 30130, 30131
Microeconomics: 33001, 33002, 33101, 30100, 30200
Statistics: 41000, 41100, 41201, 41202, 41203, 41204, 41301, 41901,41902,41903, 41910, 41911, 41912, 41913, 41914
Finance: 35000, 35001, 35200, 34101, 34901, 34902, 34903, 34904, 35100, 35120, 35130, 35201, 35210, 35214, 35905
Marketing: 37000, 37100, 37101, 37103, 37105, 37106, 37107, 37200, 37201,37202, 37208, 37209, 37301, 37304, 37703, 37704 
Operations: 40000, 40101, 40108, 40110
Strategy: 39001, 42001, 39101, 42116, 42117, 42130, 42715
Decisions: 30001, 36106, 38002, 36109
People: 33032, 38001, 38003, 39002, 31403, 38122 
Economy: 33040, 33112, 33401, 33402, 33403, 33501, 33502, 33503, 33520, 33522
Society: 33305, 33471, 38119, 33304, 34113, 34117, 38115, 42201